-26 26 95.0 -25 26 95.0 -24 26 95.0 -23 26 33.0 -22 26 33.0 -21 26 33.0 -20 26 33.0 -19 26 33.0 -18 26 33.0 -17 26 33.0 -16 26 33.0 -15 26 33.0 -14 26 33.0 -13 26 33.0 -12 26 33.0 -11 26 95.0 -10 26 33.0 -9 26 33.0 -8 26 33.0 -7 26 33.0 -6 26 33.0 -5 26 33.0 -4 26 33.0 -3 26 33.0 -2 26 33.0 -1 26 33.0 0 26 33.0 1 26 33.0 2 26 33.0 3 26 95.0 4 26 55.0 5 26 33.0 6 26 33.0 7 26 33.0 8 26 95.0 9 26 95.0 10 26 33.0 11 26 33.0 12 26 33.0 13 26 33.0 14 26 33.0 15 26 33.0 16 26 33.0 17 26 33.0 18 26 33.0 19 26 33.0 20 26 33.0 21 26 33.0 22 26 95.0 23 26 33.0 24 26 33.0 25 26 33.0 26 26 33.0 
-26 25 33.0 -25 25 33.0 -24 25 33.0 -23 25 95.0 -22 25 95.0 -21 25 33.0 -20 25 33.0 -19 25 33.0 -18 25 33.0 -17 25 33.0 -16 25 33.0 -15 25 33.0 -14 25 33.0 -13 25 33.0 -12 25 33.0 -11 25 95.0 -10 25 33.0 -9 25 33.0 -8 25 33.0 -7 25 33.0 -6 25 33.0 -5 25 33.0 -4 25 33.0 -3 25 33.0 -2 25 33.0 -1 25 33.0 0 25 33.0 1 25 33.0 2 25 95.0 3 25 55.0 4 25 55.0 5 25 33.0 6 25 33.0 7 25 95.0 8 25 95.0 9 25 33.0 10 25 33.0 11 25 33.0 12 25 33.0 13 25 33.0 14 25 33.0 15 25 33.0 16 25 33.0 17 25 33.0 18 25 33.0 19 25 33.0 20 25 33.0 21 25 33.0 22 25 95.0 23 25 33.0 24 25 33.0 25 25 33.0 26 25 33.0 
-26 24 33.0 -25 24 33.0 -24 24 33.0 -23 24 33.0 -22 24 33.0 -21 24 95.0 -20 24 95.0 -19 24 95.0 -18 24 95.0 -17 24 33.0 -16 24 33.0 -15 24 33.0 -14 24 33.0 -13 24 33.0 -12 24 33.0 -11 24 33.0 -10 24 95.0 -9 24 33.0 -8 24 33.0 -7 24 33.0 -6 24 33.0 -5 24 33.0 -4 24 33.0 -3 24 33.0 -2 24 33.0 -1 24 33.0 0 24 33.0 1 24 33.0 2 24 95.0 3 24 55.0 4 24 55.0 5 24 95.0 6 24 95.0 7 24 95.0 8 24 55.0 9 24 33.0 10 24 33.0 11 24 33.0 12 24 33.0 13 24 33.0 14 24 33.0 15 24 33.0 16 24 33.0 17 24 33.0 18 24 33.0 19 24 33.0 20 24 33.0 21 24 33.0 22 24 95.0 23 24 33.0 24 24 33.0 25 24 33.0 26 24 33.0 
-26 23 33.0 -25 23 33.0 -24 23 33.0 -23 23 33.0 -22 23 33.0 -21 23 33.0 -20 23 33.0 -19 23 33.0 -18 23 95.0 -17 23 95.0 -16 23 55.0 -15 23 33.0 -14 23 33.0 -13 23 33.0 -12 23 33.0 -11 23 95.0 -10 23 33.0 -9 23 33.0 -8 23 33.0 -7 23 33.0 -6 23 33.0 -5 23 33.0 -4 23 95.0 -3 23 95.0 -2 23 95.0 -1 23 95.0 0 23 95.0 1 23 95.0 2 23 55.0 3 23 95.0 4 23 55.0 5 23 55.0 6 23 33.0 7 23 33.0 8 23 55.0 9 23 55.0 10 23 55.0 11 23 55.0 12 23 55.0 13 23 55.0 14 23 55.0 15 23 55.0 16 23 4.0 17 23 55.0 18 23 55.0 19 23 55.0 20 23 33.0 21 23 95.0 22 23 33.0 23 23 33.0 24 23 33.0 25 23 33.0 26 23 33.0 
-26 22 33.0 -25 22 33.0 -24 22 33.0 -23 22 33.0 -22 22 33.0 -21 22 33.0 -20 22 33.0 -19 22 33.0 -18 22 33.0 -17 22 33.0 -16 22 95.0 -15 22 95.0 -14 22 33.0 -13 22 33.0 -12 22 33.0 -11 22 95.0 -10 22 33.0 -9 22 33.0 -8 22 33.0 -7 22 55.0 -6 22 95.0 -5 22 95.0 -4 22 55.0 -3 22 4.0 -2 22 4.0 -1 22 4.0 0 22 4.0 1 22 55.0 2 22 55.0 3 22 55.0 4 22 55.0 5 22 33.0 6 22 33.0 7 22 33.0 8 22 33.0 9 22 55.0 10 22 55.0 11 22 55.0 12 22 55.0 13 22 55.0 14 22 55.0 15 22 55.0 16 22 55.0 17 22 4.0 18 22 55.0 19 22 55.0 20 22 55.0 21 22 95.0 22 22 55.0 23 22 33.0 24 22 33.0 25 22 33.0 26 22 33.0 
-26 21 33.0 -25 21 33.0 -24 21 33.0 -23 21 33.0 -22 21 33.0 -21 21 33.0 -20 21 33.0 -19 21 33.0 -18 21 33.0 -17 21 33.0 -16 21 33.0 -15 21 33.0 -14 21 95.0 -13 21 95.0 -12 21 95.0 -11 21 55.0 -10 21 95.0 -9 21 95.0 -8 21 95.0 -7 21 95.0 -6 21 55.0 -5 21 4.0 -4 21 4.0 -3 21 4.0 -2 21 4.0 -1 21 4.0 0 21 4.0 1 21 55.0 2 21 55.0 3 21 33.0 4 21 33.0 5 21 33.0 6 21 33.0 7 21 33.0 8 21 33.0 9 21 33.0 10 21 33.0 11 21 33.0 12 21 33.0 13 21 33.0 14 21 33.0 15 21 55.0 16 21 55.0 17 21 55.0 18 21 55.0 19 21 55.0 20 21 95.0 21 21 55.0 22 21 55.0 23 21 55.0 24 21 33.0 25 21 33.0 26 21 33.0 
-26 20 33.0 -25 20 33.0 -24 20 33.0 -23 20 33.0 -22 20 33.0 -21 20 33.0 -20 20 33.0 -19 20 33.0 -18 20 33.0 -17 20 33.0 -16 20 33.0 -15 20 33.0 -14 20 33.0 -13 20 33.0 -12 20 95.0 -11 20 95.0 -10 20 4.0 -9 20 55.0 -8 20 55.0 -7 20 4.0 -6 20 4.0 -5 20 4.0 -4 20 4.0 -3 20 4.0 -2 20 4.0 -1 20 55.0 0 20 55.0 1 20 55.0 2 20 33.0 3 20 33.0 4 20 33.0 5 20 33.0 6 20 33.0 7 20 33.0 8 20 33.0 9 20 33.0 10 20 33.0 11 20 33.0 12 20 33.0 13 20 33.0 14 20 33.0 15 20 33.0 16 20 55.0 17 20 55.0 18 20 55.0 19 20 95.0 20 20 4.0 21 20 55.0 22 20 55.0 23 20 55.0 24 20 55.0 25 20 33.0 26 20 33.0 
-26 19 33.0 -25 19 33.0 -24 19 33.0 -23 19 33.0 -22 19 33.0 -21 19 33.0 -20 19 33.0 -19 19 33.0 -18 19 33.0 -17 19 33.0 -16 19 95.0 -15 19 95.0 -14 19 95.0 -13 19 4.0 -12 19 33.0 -11 19 55.0 -10 19 4.0 -9 19 55.0 -8 19 55.0 -7 19 55.0 -6 19 55.0 -5 19 55.0 -4 19 4.0 -3 19 4.0 -2 19 55.0 -1 19 55.0 0 19 55.0 1 19 33.0 2 19 33.0 3 19 33.0 4 19 33.0 5 19 33.0 6 19 33.0 7 19 33.0 8 19 33.0 9 19 33.0 10 19 33.0 11 19 33.0 12 19 33.0 13 19 33.0 14 19 33.0 15 19 55.0 16 19 55.0 17 19 55.0 18 19 95.0 19 19 95.0 20 19 55.0 21 19 55.0 22 19 55.0 23 19 33.0 24 19 33.0 25 19 33.0 26 19 33.0 
-26 18 33.0 -25 18 33.0 -24 18 33.0 -23 18 95.0 -22 18 33.0 -21 18 33.0 -20 18 33.0 -19 18 33.0 -18 18 95.0 -17 18 95.0 -16 18 33.0 -15 18 33.0 -14 18 33.0 -13 18 33.0 -12 18 33.0 -11 18 33.0 -10 18 55.0 -9 18 55.0 -8 18 55.0 -7 18 33.0 -6 18 55.0 -5 18 55.0 -4 18 55.0 -3 18 55.0 -2 18 55.0 -1 18 55.0 0 18 33.0 1 18 33.0 2 18 33.0 3 18 33.0 4 18 33.0 5 18 33.0 6 18 33.0 7 18 33.0 8 18 33.0 9 18 33.0 10 18 33.0 11 18 33.0 12 18 33.0 13 18 33.0 14 18 55.0 15 18 55.0 16 18 55.0 17 18 55.0 18 18 95.0 19 18 55.0 20 18 55.0 21 18 55.0 22 18 33.0 23 18 33.0 24 18 33.0 25 18 33.0 26 18 33.0 
-26 17 33.0 -25 17 95.0 -24 17 95.0 -23 17 33.0 -22 17 95.0 -21 17 95.0 -20 17 95.0 -19 17 95.0 -18 17 33.0 -17 17 33.0 -16 17 33.0 -15 17 33.0 -14 17 33.0 -13 17 33.0 -12 17 33.0 -11 17 33.0 -10 17 33.0 -9 17 55.0 -8 17 55.0 -7 17 55.0 -6 17 55.0 -5 17 55.0 -4 17 4.0 -3 17 55.0 -2 17 55.0 -1 17 55.0 0 17 55.0 1 17 33.0 2 17 33.0 3 17 33.0 4 17 33.0 5 17 33.0 6 17 33.0 7 17 33.0 8 17 33.0 9 17 33.0 10 17 33.0 11 17 33.0 12 17 33.0 13 17 33.0 14 17 33.0 15 17 55.0 16 17 55.0 17 17 55.0 18 17 55.0 19 17 95.0 20 17 55.0 21 17 55.0 22 17 55.0 23 17 33.0 24 17 33.0 25 17 33.0 26 17 33.0 
-26 16 95.0 -25 16 33.0 -24 16 33.0 -23 16 33.0 -22 16 33.0 -21 16 33.0 -20 16 33.0 -19 16 33.0 -18 16 33.0 -17 16 33.0 -16 16 33.0 -15 16 33.0 -14 16 33.0 -13 16 33.0 -12 16 33.0 -11 16 33.0 -10 16 33.0 -9 16 33.0 -8 16 33.0 -7 16 33.0 -6 16 33.0 -5 16 33.0 -4 16 55.0 -3 16 55.0 -2 16 55.0 -1 16 55.0 0 16 33.0 1 16 33.0 2 16 33.0 3 16 33.0 4 16 33.0 5 16 33.0 6 16 33.0 7 16 33.0 8 16 33.0 9 16 33.0 10 16 33.0 11 16 33.0 12 16 33.0 13 16 33.0 14 16 33.0 15 16 55.0 16 16 55.0 17 16 55.0 18 16 95.0 19 16 55.0 20 16 55.0 21 16 55.0 22 16 33.0 23 16 33.0 24 16 33.0 25 16 33.0 26 16 33.0 
-26 15 95.0 -25 15 33.0 -24 15 33.0 -23 15 33.0 -22 15 33.0 -21 15 33.0 -20 15 33.0 -19 15 33.0 -18 15 33.0 -17 15 33.0 -16 15 33.0 -15 15 33.0 -14 15 33.0 -13 15 33.0 -12 15 33.0 -11 15 55.0 -10 15 55.0 -9 15 33.0 -8 15 33.0 -7 15 33.0 -6 15 33.0 -5 15 33.0 -4 15 33.0 -3 15 55.0 -2 15 55.0 -1 15 55.0 0 15 33.0 1 15 33.0 2 15 33.0 3 15 33.0 4 15 33.0 5 15 33.0 6 15 33.0 7 15 33.0 8 15 33.0 9 15 33.0 10 15 33.0 11 15 33.0 12 15 33.0 13 15 33.0 14 15 33.0 15 15 33.0 16 15 55.0 17 15 55.0 18 15 55.0 19 15 95.0 20 15 55.0 21 15 33.0 22 15 33.0 23 15 33.0 24 15 33.0 25 15 33.0 26 15 33.0 
-26 14 33.0 -25 14 33.0 -24 14 33.0 -23 14 33.0 -22 14 33.0 -21 14 33.0 -20 14 33.0 -19 14 33.0 -18 14 33.0 -17 14 33.0 -16 14 33.0 -15 14 33.0 -14 14 33.0 -13 14 33.0 -12 14 55.0 -11 14 55.0 -10 14 55.0 -9 14 33.0 -8 14 33.0 -7 14 33.0 -6 14 33.0 -5 14 33.0 -4 14 33.0 -3 14 33.0 -2 14 55.0 -1 14 55.0 0 14 55.0 1 14 33.0 2 14 33.0 3 14 33.0 4 14 33.0 5 14 33.0 6 14 33.0 7 14 33.0 8 14 33.0 9 14 33.0 10 14 33.0 11 14 33.0 12 14 33.0 13 14 33.0 14 14 33.0 15 14 33.0 16 14 55.0 17 14 55.0 18 14 95.0 19 14 55.0 20 14 33.0 21 14 33.0 22 14 33.0 23 14 33.0 24 14 33.0 25 14 33.0 26 14 33.0 
-26 13 33.0 -25 13 33.0 -24 13 33.0 -23 13 33.0 -22 13 33.0 -21 13 33.0 -20 13 33.0 -19 13 33.0 -18 13 33.0 -17 13 33.0 -16 13 33.0 -15 13 33.0 -14 13 33.0 -13 13 33.0 -12 13 33.0 -11 13 33.0 -10 13 55.0 -9 13 55.0 -8 13 33.0 -7 13 33.0 -6 13 33.0 -5 13 33.0 -4 13 33.0 -3 13 33.0 -2 13 33.0 -1 13 55.0 0 13 55.0 1 13 33.0 2 13 33.0 3 13 33.0 4 13 33.0 5 13 33.0 6 13 33.0 7 13 33.0 8 13 33.0 9 13 33.0 10 13 33.0 11 13 33.0 12 13 33.0 13 13 33.0 14 13 33.0 15 13 33.0 16 13 33.0 17 13 95.0 18 13 33.0 19 13 33.0 20 13 33.0 21 13 33.0 22 13 33.0 23 13 33.0 24 13 33.0 25 13 33.0 26 13 33.0 
-26 12 33.0 -25 12 33.0 -24 12 33.0 -23 12 33.0 -22 12 33.0 -21 12 33.0 -20 12 33.0 -19 12 33.0 -18 12 33.0 -17 12 33.0 -16 12 33.0 -15 12 33.0 -14 12 33.0 -13 12 33.0 -12 12 33.0 -11 12 33.0 -10 12 33.0 -9 12 33.0 -8 12 55.0 -7 12 55.0 -6 12 33.0 -5 12 33.0 -4 12 33.0 -3 12 33.0 -2 12 33.0 -1 12 33.0 0 12 55.0 1 12 55.0 2 12 33.0 3 12 33.0 4 12 33.0 5 12 33.0 6 12 33.0 7 12 33.0 8 12 33.0 9 12 33.0 10 12 33.0 11 12 33.0 12 12 33.0 13 12 33.0 14 12 33.0 15 12 33.0 16 12 95.0 17 12 33.0 18 12 33.0 19 12 33.0 20 12 33.0 21 12 33.0 22 12 33.0 23 12 33.0 24 12 33.0 25 12 33.0 26 12 33.0 
-26 11 33.0 -25 11 33.0 -24 11 33.0 -23 11 33.0 -22 11 33.0 -21 11 33.0 -20 11 33.0 -19 11 33.0 -18 11 33.0 -17 11 33.0 -16 11 33.0 -15 11 33.0 -14 11 33.0 -13 11 33.0 -12 11 33.0 -11 11 33.0 -10 11 33.0 -9 11 33.0 -8 11 33.0 -7 11 33.0 -6 11 55.0 -5 11 55.0 -4 11 33.0 -3 11 33.0 -2 11 33.0 -1 11 33.0 0 11 55.0 1 11 55.0 2 11 55.0 3 11 33.0 4 11 33.0 5 11 33.0 6 11 33.0 7 11 33.0 8 11 33.0 9 11 33.0 10 11 33.0 11 11 33.0 12 11 33.0 13 11 33.0 14 11 33.0 15 11 95.0 16 11 33.0 17 11 33.0 18 11 33.0 19 11 33.0 20 11 33.0 21 11 33.0 22 11 33.0 23 11 33.0 24 11 33.0 25 11 33.0 26 11 33.0 
-26 10 33.0 -25 10 33.0 -24 10 33.0 -23 10 33.0 -22 10 33.0 -21 10 33.0 -20 10 33.0 -19 10 33.0 -18 10 33.0 -17 10 33.0 -16 10 33.0 -15 10 33.0 -14 10 33.0 -13 10 33.0 -12 10 33.0 -11 10 33.0 -10 10 33.0 -9 10 33.0 -8 10 33.0 -7 10 33.0 -6 10 33.0 -5 10 33.0 -4 10 55.0 -3 10 55.0 -2 10 55.0 -1 10 55.0 0 10 55.0 1 10 4.0 2 10 4.0 3 10 55.0 4 10 55.0 5 10 55.0 6 10 55.0 7 10 33.0 8 10 33.0 9 10 33.0 10 10 33.0 11 10 33.0 12 10 33.0 13 10 33.0 14 10 33.0 15 10 95.0 16 10 33.0 17 10 33.0 18 10 33.0 19 10 33.0 20 10 33.0 21 10 33.0 22 10 33.0 23 10 33.0 24 10 33.0 25 10 33.0 26 10 33.0 
-26 9 33.0 -25 9 33.0 -24 9 33.0 -23 9 33.0 -22 9 33.0 -21 9 33.0 -20 9 33.0 -19 9 33.0 -18 9 33.0 -17 9 33.0 -16 9 33.0 -15 9 33.0 -14 9 33.0 -13 9 33.0 -12 9 33.0 -11 9 33.0 -10 9 33.0 -9 9 33.0 -8 9 33.0 -7 9 33.0 -6 9 33.0 -5 9 33.0 -4 9 33.0 -3 9 33.0 -2 9 33.0 -1 9 33.0 0 9 33.0 1 9 33.0 2 9 4.0 3 9 95.0 4 9 95.0 5 9 95.0 6 9 95.0 7 9 95.0 8 9 33.0 9 9 33.0 10 9 33.0 11 9 33.0 12 9 33.0 13 9 33.0 14 9 33.0 15 9 33.0 16 9 95.0 17 9 33.0 18 9 33.0 19 9 33.0 20 9 33.0 21 9 33.0 22 9 33.0 23 9 33.0 24 9 33.0 25 9 33.0 26 9 33.0 
-26 8 33.0 -25 8 33.0 -24 8 33.0 -23 8 33.0 -22 8 33.0 -21 8 33.0 -20 8 33.0 -19 8 33.0 -18 8 33.0 -17 8 33.0 -16 8 33.0 -15 8 33.0 -14 8 33.0 -13 8 33.0 -12 8 33.0 -11 8 33.0 -10 8 33.0 -9 8 33.0 -8 8 33.0 -7 8 33.0 -6 8 33.0 -5 8 33.0 -4 8 33.0 -3 8 33.0 -2 8 33.0 -1 8 33.0 0 8 33.0 1 8 33.0 2 8 95.0 3 8 55.0 4 8 55.0 5 8 55.0 6 8 4.0 7 8 95.0 8 8 33.0 9 8 33.0 10 8 33.0 11 8 33.0 12 8 33.0 13 8 33.0 14 8 33.0 15 8 33.0 16 8 95.0 17 8 33.0 18 8 33.0 19 8 33.0 20 8 33.0 21 8 33.0 22 8 33.0 23 8 33.0 24 8 33.0 25 8 33.0 26 8 33.0 
-26 7 33.0 -25 7 33.0 -24 7 33.0 -23 7 33.0 -22 7 33.0 -21 7 33.0 -20 7 33.0 -19 7 33.0 -18 7 33.0 -17 7 33.0 -16 7 33.0 -15 7 33.0 -14 7 33.0 -13 7 33.0 -12 7 33.0 -11 7 33.0 -10 7 33.0 -9 7 33.0 -8 7 33.0 -7 7 33.0 -6 7 33.0 -5 7 33.0 -4 7 33.0 -3 7 33.0 -2 7 33.0 -1 7 33.0 0 7 95.0 1 7 95.0 2 7 33.0 3 7 33.0 4 7 33.0 5 7 33.0 6 7 55.0 7 7 95.0 8 7 55.0 9 7 55.0 10 7 33.0 11 7 33.0 12 7 33.0 13 7 33.0 14 7 33.0 15 7 33.0 16 7 33.0 17 7 95.0 18 7 33.0 19 7 33.0 20 7 33.0 21 7 33.0 22 7 33.0 23 7 33.0 24 7 33.0 25 7 33.0 26 7 33.0 
-26 6 33.0 -25 6 33.0 -24 6 33.0 -23 6 33.0 -22 6 33.0 -21 6 33.0 -20 6 33.0 -19 6 33.0 -18 6 33.0 -17 6 33.0 -16 6 33.0 -15 6 33.0 -14 6 33.0 -13 6 33.0 -12 6 33.0 -11 6 33.0 -10 6 33.0 -9 6 33.0 -8 6 33.0 -7 6 33.0 -6 6 95.0 -5 6 95.0 -4 6 95.0 -3 6 95.0 -2 6 95.0 -1 6 95.0 0 6 95.0 1 6 33.0 2 6 33.0 3 6 33.0 4 6 33.0 5 6 33.0 6 6 33.0 7 6 55.0 8 6 95.0 9 6 55.0 10 6 33.0 11 6 33.0 12 6 33.0 13 6 33.0 14 6 33.0 15 6 33.0 16 6 33.0 17 6 33.0 18 6 95.0 19 6 33.0 20 6 33.0 21 6 33.0 22 6 33.0 23 6 33.0 24 6 33.0 25 6 33.0 26 6 33.0 
-26 5 33.0 -25 5 33.0 -24 5 33.0 -23 5 33.0 -22 5 33.0 -21 5 33.0 -20 5 33.0 -19 5 33.0 -18 5 33.0 -17 5 33.0 -16 5 33.0 -15 5 33.0 -14 5 33.0 -13 5 33.0 -12 5 33.0 -11 5 33.0 -10 5 33.0 -9 5 33.0 -8 5 33.0 -7 5 95.0 -6 5 95.0 -5 5 33.0 -4 5 33.0 -3 5 33.0 -2 5 33.0 -1 5 33.0 0 5 33.0 1 5 33.0 2 5 33.0 3 5 33.0 4 5 33.0 5 5 33.0 6 5 33.0 7 5 55.0 8 5 55.0 9 5 95.0 10 5 95.0 11 5 95.0 12 5 95.0 13 5 95.0 14 5 33.0 15 5 33.0 16 5 33.0 17 5 33.0 18 5 95.0 19 5 33.0 20 5 33.0 21 5 33.0 22 5 33.0 23 5 33.0 24 5 33.0 25 5 33.0 26 5 33.0 
-26 4 33.0 -25 4 33.0 -24 4 33.0 -23 4 33.0 -22 4 33.0 -21 4 33.0 -20 4 33.0 -19 4 33.0 -18 4 33.0 -17 4 33.0 -16 4 33.0 -15 4 33.0 -14 4 33.0 -13 4 33.0 -12 4 33.0 -11 4 33.0 -10 4 33.0 -9 4 33.0 -8 4 95.0 -7 4 95.0 -6 4 33.0 -5 4 33.0 -4 4 33.0 -3 4 33.0 -2 4 33.0 -1 4 33.0 0 4 33.0 1 4 33.0 2 4 33.0 3 4 33.0 4 4 33.0 5 4 33.0 6 4 33.0 7 4 33.0 8 4 33.0 9 4 4.0 10 4 33.0 11 4 33.0 12 4 55.0 13 4 55.0 14 4 95.0 15 4 95.0 16 4 95.0 17 4 95.0 18 4 95.0 19 4 95.0 20 4 33.0 21 4 33.0 22 4 33.0 23 4 33.0 24 4 33.0 25 4 33.0 26 4 33.0 
-26 3 33.0 -25 3 33.0 -24 3 33.0 -23 3 33.0 -22 3 33.0 -21 3 33.0 -20 3 33.0 -19 3 33.0 -18 3 33.0 -17 3 33.0 -16 3 33.0 -15 3 33.0 -14 3 33.0 -13 3 33.0 -12 3 33.0 -11 3 33.0 -10 3 33.0 -9 3 95.0 -8 3 33.0 -7 3 33.0 -6 3 33.0 -5 3 55.0 -4 3 55.0 -3 3 55.0 -2 3 33.0 -1 3 33.0 0 3 33.0 1 3 33.0 2 3 95.0 3 3 95.0 4 3 95.0 5 3 95.0 6 3 95.0 7 3 95.0 8 3 33.0 9 3 95.0 10 3 95.0 11 3 95.0 12 3 95.0 13 3 95.0 14 3 33.0 15 3 33.0 16 3 4.0 17 3 4.0 18 3 4.0 19 3 95.0 20 3 95.0 21 3 95.0 22 3 95.0 23 3 95.0 24 3 33.0 25 3 33.0 26 3 33.0 
-26 2 33.0 -25 2 33.0 -24 2 33.0 -23 2 33.0 -22 2 33.0 -21 2 33.0 -20 2 33.0 -19 2 33.0 -18 2 33.0 -17 2 33.0 -16 2 33.0 -15 2 33.0 -14 2 33.0 -13 2 33.0 -12 2 33.0 -11 2 33.0 -10 2 33.0 -9 2 95.0 -8 2 33.0 -7 2 33.0 -6 2 33.0 -5 2 55.0 -4 2 55.0 -3 2 55.0 -2 2 55.0 -1 2 95.0 0 2 95.0 1 2 95.0 2 2 55.0 3 2 95.0 4 2 33.0 5 2 55.0 6 2 55.0 7 2 33.0 8 2 95.0 9 2 55.0 10 2 55.0 11 2 55.0 12 2 55.0 13 2 55.0 14 2 55.0 15 2 55.0 16 2 55.0 17 2 55.0 18 2 55.0 19 2 55.0 20 2 55.0 21 2 33.0 22 2 55.0 23 2 55.0 24 2 95.0 25 2 95.0 26 2 95.0 
-26 1 33.0 -25 1 33.0 -24 1 33.0 -23 1 33.0 -22 1 33.0 -21 1 33.0 -20 1 33.0 -19 1 33.0 -18 1 33.0 -17 1 33.0 -16 1 33.0 -15 1 33.0 -14 1 33.0 -13 1 33.0 -12 1 33.0 -11 1 33.0 -10 1 33.0 -9 1 95.0 -8 1 33.0 -7 1 33.0 -6 1 33.0 -5 1 95.0 -4 1 95.0 -3 1 95.0 -2 1 95.0 -1 1 55.0 0 1 55.0 1 1 55.0 2 1 33.0 3 1 33.0 4 1 95.0 5 1 55.0 6 1 55.0 7 1 55.0 8 1 33.0 9 1 55.0 10 1 55.0 11 1 33.0 12 1 33.0 13 1 55.0 14 1 55.0 15 1 55.0 16 1 55.0 17 1 33.0 18 1 55.0 19 1 55.0 20 1 55.0 21 1 55.0 22 1 33.0 23 1 33.0 24 1 33.0 25 1 33.0 26 1 33.0 
-26 0 33.0 -25 0 33.0 -24 0 33.0 -23 0 33.0 -22 0 33.0 -21 0 33.0 -20 0 33.0 -19 0 33.0 -18 0 33.0 -17 0 33.0 -16 0 33.0 -15 0 33.0 -14 0 33.0 -13 0 33.0 -12 0 33.0 -11 0 33.0 -10 0 33.0 -9 0 95.0 -8 0 95.0 -7 0 95.0 -6 0 95.0 -5 0 4.0 -4 0 4.0 -3 0 4.0 -2 0 55.0 -1 0 55.0 0 0 33.0 1 0 33.0 2 0 33.0 3 0 33.0 4 0 95.0 5 0 4.0 6 0 55.0 7 0 55.0 8 0 55.0 9 0 55.0 10 0 33.0 11 0 33.0 12 0 33.0 13 0 33.0 14 0 55.0 15 0 55.0 16 0 33.0 17 0 33.0 18 0 33.0 19 0 33.0 20 0 33.0 21 0 33.0 22 0 33.0 23 0 33.0 24 0 33.0 25 0 33.0 26 0 33.0 
-26 -1 33.0 -25 -1 33.0 -24 -1 33.0 -23 -1 33.0 -22 -1 33.0 -21 -1 33.0 -20 -1 95.0 -19 -1 95.0 -18 -1 95.0 -17 -1 95.0 -16 -1 95.0 -15 -1 33.0 -14 -1 33.0 -13 -1 95.0 -12 -1 33.0 -11 -1 33.0 -10 -1 95.0 -9 -1 95.0 -8 -1 55.0 -7 -1 55.0 -6 -1 55.0 -5 -1 55.0 -4 -1 55.0 -3 -1 55.0 -2 -1 55.0 -1 -1 33.0 0 -1 33.0 1 -1 33.0 2 -1 33.0 3 -1 33.0 4 -1 95.0 5 -1 55.0 6 -1 55.0 7 -1 55.0 8 -1 55.0 9 -1 55.0 10 -1 33.0 11 -1 33.0 12 -1 33.0 13 -1 33.0 14 -1 33.0 15 -1 33.0 16 -1 33.0 17 -1 33.0 18 -1 33.0 19 -1 33.0 20 -1 33.0 21 -1 33.0 22 -1 33.0 23 -1 33.0 24 -1 33.0 25 -1 33.0 26 -1 33.0 
-26 -2 33.0 -25 -2 95.0 -24 -2 95.0 -23 -2 95.0 -22 -2 95.0 -21 -2 95.0 -20 -2 33.0 -19 -2 33.0 -18 -2 33.0 -17 -2 33.0 -16 -2 33.0 -15 -2 95.0 -14 -2 95.0 -13 -2 33.0 -12 -2 95.0 -11 -2 95.0 -10 -2 33.0 -9 -2 33.0 -8 -2 33.0 -7 -2 33.0 -6 -2 33.0 -5 -2 33.0 -4 -2 33.0 -3 -2 33.0 -2 -2 33.0 -1 -2 33.0 0 -2 33.0 1 -2 33.0 2 -2 33.0 3 -2 33.0 4 -2 95.0 5 -2 55.0 6 -2 55.0 7 -2 55.0 8 -2 55.0 9 -2 33.0 10 -2 33.0 11 -2 33.0 12 -2 33.0 13 -2 33.0 14 -2 33.0 15 -2 33.0 16 -2 33.0 17 -2 33.0 18 -2 33.0 19 -2 33.0 20 -2 33.0 21 -2 33.0 22 -2 33.0 23 -2 33.0 24 -2 33.0 25 -2 33.0 26 -2 33.0 
-26 -3 95.0 -25 -3 95.0 -24 -3 33.0 -23 -3 33.0 -22 -3 33.0 -21 -3 33.0 -20 -3 33.0 -19 -3 33.0 -18 -3 33.0 -17 -3 33.0 -16 -3 33.0 -15 -3 33.0 -14 -3 33.0 -13 -3 33.0 -12 -3 33.0 -11 -3 33.0 -10 -3 33.0 -9 -3 33.0 -8 -3 33.0 -7 -3 33.0 -6 -3 33.0 -5 -3 33.0 -4 -3 33.0 -3 -3 33.0 -2 -3 33.0 -1 -3 33.0 0 -3 33.0 1 -3 33.0 2 -3 33.0 3 -3 95.0 4 -3 55.0 5 -3 55.0 6 -3 33.0 7 -3 33.0 8 -3 33.0 9 -3 33.0 10 -3 33.0 11 -3 33.0 12 -3 33.0 13 -3 33.0 14 -3 33.0 15 -3 33.0 16 -3 33.0 17 -3 33.0 18 -3 33.0 19 -3 33.0 20 -3 33.0 21 -3 33.0 22 -3 33.0 23 -3 33.0 24 -3 33.0 25 -3 33.0 26 -3 95.0 
-26 -4 33.0 -25 -4 95.0 -24 -4 33.0 -23 -4 33.0 -22 -4 33.0 -21 -4 33.0 -20 -4 33.0 -19 -4 33.0 -18 -4 33.0 -17 -4 33.0 -16 -4 33.0 -15 -4 33.0 -14 -4 33.0 -13 -4 33.0 -12 -4 33.0 -11 -4 33.0 -10 -4 33.0 -9 -4 33.0 -8 -4 33.0 -7 -4 33.0 -6 -4 33.0 -5 -4 33.0 -4 -4 33.0 -3 -4 33.0 -2 -4 33.0 -1 -4 33.0 0 -4 33.0 1 -4 33.0 2 -4 95.0 3 -4 55.0 4 -4 55.0 5 -4 33.0 6 -4 33.0 7 -4 33.0 8 -4 33.0 9 -4 33.0 10 -4 33.0 11 -4 33.0 12 -4 33.0 13 -4 33.0 14 -4 33.0 15 -4 33.0 16 -4 33.0 17 -4 33.0 18 -4 33.0 19 -4 33.0 20 -4 33.0 21 -4 33.0 22 -4 95.0 23 -4 95.0 24 -4 95.0 25 -4 95.0 26 -4 33.0 
-26 -5 33.0 -25 -5 95.0 -24 -5 33.0 -23 -5 33.0 -22 -5 33.0 -21 -5 33.0 -20 -5 33.0 -19 -5 33.0 -18 -5 33.0 -17 -5 33.0 -16 -5 33.0 -15 -5 33.0 -14 -5 33.0 -13 -5 33.0 -12 -5 33.0 -11 -5 33.0 -10 -5 33.0 -9 -5 33.0 -8 -5 33.0 -7 -5 33.0 -6 -5 33.0 -5 -5 33.0 -4 -5 33.0 -3 -5 33.0 -2 -5 33.0 -1 -5 33.0 0 -5 55.0 1 -5 95.0 2 -5 55.0 3 -5 55.0 4 -5 33.0 5 -5 33.0 6 -5 33.0 7 -5 33.0 8 -5 33.0 9 -5 33.0 10 -5 33.0 11 -5 33.0 12 -5 33.0 13 -5 33.0 14 -5 33.0 15 -5 33.0 16 -5 33.0 17 -5 33.0 18 -5 33.0 19 -5 33.0 20 -5 33.0 21 -5 95.0 22 -5 55.0 23 -5 4.0 24 -5 33.0 25 -5 33.0 26 -5 33.0 
-26 -6 33.0 -25 -6 95.0 -24 -6 33.0 -23 -6 33.0 -22 -6 33.0 -21 -6 33.0 -20 -6 33.0 -19 -6 33.0 -18 -6 33.0 -17 -6 33.0 -16 -6 33.0 -15 -6 33.0 -14 -6 33.0 -13 -6 33.0 -12 -6 33.0 -11 -6 33.0 -10 -6 33.0 -9 -6 33.0 -8 -6 33.0 -7 -6 33.0 -6 -6 33.0 -5 -6 33.0 -4 -6 33.0 -3 -6 33.0 -2 -6 33.0 -1 -6 33.0 0 -6 55.0 1 -6 4.0 2 -6 95.0 3 -6 55.0 4 -6 55.0 5 -6 33.0 6 -6 33.0 7 -6 33.0 8 -6 33.0 9 -6 33.0 10 -6 33.0 11 -6 33.0 12 -6 33.0 13 -6 33.0 14 -6 33.0 15 -6 33.0 16 -6 33.0 17 -6 33.0 18 -6 33.0 19 -6 55.0 20 -6 55.0 21 -6 95.0 22 -6 55.0 23 -6 55.0 24 -6 33.0 25 -6 33.0 26 -6 33.0 
-26 -7 33.0 -25 -7 95.0 -24 -7 33.0 -23 -7 33.0 -22 -7 33.0 -21 -7 33.0 -20 -7 33.0 -19 -7 33.0 -18 -7 33.0 -17 -7 33.0 -16 -7 33.0 -15 -7 33.0 -14 -7 33.0 -13 -7 33.0 -12 -7 33.0 -11 -7 33.0 -10 -7 33.0 -9 -7 33.0 -8 -7 33.0 -7 -7 33.0 -6 -7 33.0 -5 -7 33.0 -4 -7 33.0 -3 -7 33.0 -2 -7 33.0 -1 -7 33.0 0 -7 33.0 1 -7 33.0 2 -7 33.0 3 -7 95.0 4 -7 55.0 5 -7 55.0 6 -7 33.0 7 -7 33.0 8 -7 33.0 9 -7 33.0 10 -7 33.0 11 -7 33.0 12 -7 33.0 13 -7 33.0 14 -7 33.0 15 -7 33.0 16 -7 33.0 17 -7 33.0 18 -7 33.0 19 -7 55.0 20 -7 95.0 21 -7 55.0 22 -7 55.0 23 -7 33.0 24 -7 33.0 25 -7 33.0 26 -7 33.0 
-26 -8 33.0 -25 -8 95.0 -24 -8 4.0 -23 -8 33.0 -22 -8 33.0 -21 -8 33.0 -20 -8 33.0 -19 -8 33.0 -18 -8 33.0 -17 -8 33.0 -16 -8 33.0 -15 -8 33.0 -14 -8 33.0 -13 -8 33.0 -12 -8 33.0 -11 -8 33.0 -10 -8 33.0 -9 -8 33.0 -8 -8 33.0 -7 -8 33.0 -6 -8 33.0 -5 -8 33.0 -4 -8 33.0 -3 -8 33.0 -2 -8 33.0 -1 -8 33.0 0 -8 33.0 1 -8 33.0 2 -8 95.0 3 -8 55.0 4 -8 55.0 5 -8 33.0 6 -8 33.0 7 -8 33.0 8 -8 33.0 9 -8 33.0 10 -8 33.0 11 -8 33.0 12 -8 33.0 13 -8 33.0 14 -8 33.0 15 -8 33.0 16 -8 33.0 17 -8 33.0 18 -8 33.0 19 -8 95.0 20 -8 55.0 21 -8 55.0 22 -8 55.0 23 -8 33.0 24 -8 33.0 25 -8 33.0 26 -8 33.0 
-26 -9 33.0 -25 -9 33.0 -24 -9 95.0 -23 -9 4.0 -22 -9 33.0 -21 -9 33.0 -20 -9 33.0 -19 -9 33.0 -18 -9 33.0 -17 -9 33.0 -16 -9 33.0 -15 -9 33.0 -14 -9 33.0 -13 -9 33.0 -12 -9 33.0 -11 -9 33.0 -10 -9 33.0 -9 -9 33.0 -8 -9 33.0 -7 -9 33.0 -6 -9 33.0 -5 -9 33.0 -4 -9 33.0 -3 -9 33.0 -2 -9 33.0 -1 -9 33.0 0 -9 33.0 1 -9 95.0 2 -9 55.0 3 -9 55.0 4 -9 55.0 5 -9 33.0 6 -9 33.0 7 -9 33.0 8 -9 33.0 9 -9 33.0 10 -9 33.0 11 -9 33.0 12 -9 33.0 13 -9 33.0 14 -9 33.0 15 -9 33.0 16 -9 33.0 17 -9 33.0 18 -9 95.0 19 -9 55.0 20 -9 55.0 21 -9 55.0 22 -9 33.0 23 -9 33.0 24 -9 33.0 25 -9 33.0 26 -9 33.0 
-26 -10 33.0 -25 -10 33.0 -24 -10 95.0 -23 -10 33.0 -22 -10 33.0 -21 -10 33.0 -20 -10 33.0 -19 -10 33.0 -18 -10 33.0 -17 -10 33.0 -16 -10 33.0 -15 -10 33.0 -14 -10 33.0 -13 -10 33.0 -12 -10 33.0 -11 -10 33.0 -10 -10 33.0 -9 -10 33.0 -8 -10 33.0 -7 -10 33.0 -6 -10 33.0 -5 -10 33.0 -4 -10 33.0 -3 -10 33.0 -2 -10 33.0 -1 -10 33.0 0 -10 33.0 1 -10 95.0 2 -10 55.0 3 -10 55.0 4 -10 33.0 5 -10 33.0 6 -10 33.0 7 -10 33.0 8 -10 33.0 9 -10 33.0 10 -10 33.0 11 -10 33.0 12 -10 33.0 13 -10 33.0 14 -10 33.0 15 -10 33.0 16 -10 33.0 17 -10 95.0 18 -10 55.0 19 -10 55.0 20 -10 33.0 21 -10 33.0 22 -10 33.0 23 -10 33.0 24 -10 33.0 25 -10 33.0 26 -10 33.0 
-26 -11 33.0 -25 -11 33.0 -24 -11 95.0 -23 -11 95.0 -22 -11 33.0 -21 -11 33.0 -20 -11 33.0 -19 -11 33.0 -18 -11 33.0 -17 -11 33.0 -16 -11 33.0 -15 -11 33.0 -14 -11 33.0 -13 -11 33.0 -12 -11 33.0 -11 -11 33.0 -10 -11 33.0 -9 -11 33.0 -8 -11 33.0 -7 -11 33.0 -6 -11 33.0 -5 -11 33.0 -4 -11 33.0 -3 -11 33.0 -2 -11 33.0 -1 -11 33.0 0 -11 33.0 1 -11 95.0 2 -11 4.0 3 -11 55.0 4 -11 55.0 5 -11 33.0 6 -11 33.0 7 -11 33.0 8 -11 33.0 9 -11 33.0 10 -11 33.0 11 -11 33.0 12 -11 33.0 13 -11 33.0 14 -11 33.0 15 -11 33.0 16 -11 95.0 17 -11 95.0 18 -11 33.0 19 -11 33.0 20 -11 33.0 21 -11 33.0 22 -11 33.0 23 -11 33.0 24 -11 33.0 25 -11 33.0 26 -11 33.0 
-26 -12 33.0 -25 -12 33.0 -24 -12 33.0 -23 -12 95.0 -22 -12 33.0 -21 -12 33.0 -20 -12 33.0 -19 -12 33.0 -18 -12 33.0 -17 -12 33.0 -16 -12 33.0 -15 -12 33.0 -14 -12 33.0 -13 -12 33.0 -12 -12 33.0 -11 -12 33.0 -10 -12 33.0 -9 -12 33.0 -8 -12 33.0 -7 -12 33.0 -6 -12 33.0 -5 -12 33.0 -4 -12 33.0 -3 -12 33.0 -2 -12 33.0 -1 -12 33.0 0 -12 95.0 1 -12 55.0 2 -12 55.0 3 -12 33.0 4 -12 33.0 5 -12 33.0 6 -12 33.0 7 -12 33.0 8 -12 33.0 9 -12 33.0 10 -12 33.0 11 -12 33.0 12 -12 33.0 13 -12 33.0 14 -12 95.0 15 -12 95.0 16 -12 33.0 17 -12 33.0 18 -12 33.0 19 -12 33.0 20 -12 33.0 21 -12 33.0 22 -12 33.0 23 -12 33.0 24 -12 33.0 25 -12 33.0 26 -12 33.0 
-26 -13 33.0 -25 -13 33.0 -24 -13 33.0 -23 -13 33.0 -22 -13 95.0 -21 -13 33.0 -20 -13 33.0 -19 -13 33.0 -18 -13 33.0 -17 -13 33.0 -16 -13 33.0 -15 -13 33.0 -14 -13 33.0 -13 -13 33.0 -12 -13 33.0 -11 -13 33.0 -10 -13 33.0 -9 -13 33.0 -8 -13 33.0 -7 -13 33.0 -6 -13 33.0 -5 -13 33.0 -4 -13 33.0 -3 -13 33.0 -2 -13 33.0 -1 -13 33.0 0 -13 95.0 1 -13 95.0 2 -13 95.0 3 -13 95.0 4 -13 95.0 5 -13 33.0 6 -13 33.0 7 -13 33.0 8 -13 33.0 9 -13 33.0 10 -13 33.0 11 -13 33.0 12 -13 95.0 13 -13 95.0 14 -13 33.0 15 -13 33.0 16 -13 33.0 17 -13 33.0 18 -13 33.0 19 -13 33.0 20 -13 33.0 21 -13 33.0 22 -13 33.0 23 -13 33.0 24 -13 33.0 25 -13 33.0 26 -13 33.0 
-26 -14 33.0 -25 -14 33.0 -24 -14 33.0 -23 -14 33.0 -22 -14 33.0 -21 -14 95.0 -20 -14 33.0 -19 -14 33.0 -18 -14 33.0 -17 -14 33.0 -16 -14 33.0 -15 -14 33.0 -14 -14 33.0 -13 -14 33.0 -12 -14 33.0 -11 -14 33.0 -10 -14 33.0 -9 -14 33.0 -8 -14 33.0 -7 -14 33.0 -6 -14 33.0 -5 -14 33.0 -4 -14 33.0 -3 -14 33.0 -2 -14 33.0 -1 -14 95.0 0 -14 55.0 1 -14 55.0 2 -14 55.0 3 -14 55.0 4 -14 55.0 5 -14 95.0 6 -14 95.0 7 -14 95.0 8 -14 95.0 9 -14 95.0 10 -14 95.0 11 -14 33.0 12 -14 95.0 13 -14 33.0 14 -14 33.0 15 -14 33.0 16 -14 33.0 17 -14 33.0 18 -14 33.0 19 -14 33.0 20 -14 33.0 21 -14 33.0 22 -14 33.0 23 -14 33.0 24 -14 33.0 25 -14 33.0 26 -14 33.0 
-26 -15 33.0 -25 -15 33.0 -24 -15 33.0 -23 -15 33.0 -22 -15 33.0 -21 -15 95.0 -20 -15 95.0 -19 -15 33.0 -18 -15 33.0 -17 -15 33.0 -16 -15 33.0 -15 -15 33.0 -14 -15 33.0 -13 -15 33.0 -12 -15 33.0 -11 -15 33.0 -10 -15 33.0 -9 -15 33.0 -8 -15 33.0 -7 -15 33.0 -6 -15 33.0 -5 -15 33.0 -4 -15 33.0 -3 -15 33.0 -2 -15 95.0 -1 -15 55.0 0 -15 55.0 1 -15 33.0 2 -15 33.0 3 -15 33.0 4 -15 33.0 5 -15 33.0 6 -15 33.0 7 -15 4.0 8 -15 33.0 9 -15 55.0 10 -15 95.0 11 -15 95.0 12 -15 95.0 13 -15 33.0 14 -15 33.0 15 -15 33.0 16 -15 33.0 17 -15 33.0 18 -15 33.0 19 -15 33.0 20 -15 33.0 21 -15 33.0 22 -15 33.0 23 -15 33.0 24 -15 33.0 25 -15 33.0 26 -15 33.0 
-26 -16 33.0 -25 -16 33.0 -24 -16 33.0 -23 -16 33.0 -22 -16 33.0 -21 -16 33.0 -20 -16 33.0 -19 -16 95.0 -18 -16 95.0 -17 -16 33.0 -16 -16 33.0 -15 -16 33.0 -14 -16 33.0 -13 -16 33.0 -12 -16 33.0 -11 -16 33.0 -10 -16 33.0 -9 -16 33.0 -8 -16 33.0 -7 -16 33.0 -6 -16 33.0 -5 -16 33.0 -4 -16 33.0 -3 -16 95.0 -2 -16 95.0 -1 -16 55.0 0 -16 55.0 1 -16 55.0 2 -16 33.0 3 -16 33.0 4 -16 33.0 5 -16 33.0 6 -16 33.0 7 -16 33.0 8 -16 33.0 9 -16 33.0 10 -16 55.0 11 -16 55.0 12 -16 95.0 13 -16 33.0 14 -16 33.0 15 -16 33.0 16 -16 33.0 17 -16 33.0 18 -16 33.0 19 -16 33.0 20 -16 33.0 21 -16 33.0 22 -16 33.0 23 -16 33.0 24 -16 95.0 25 -16 95.0 26 -16 95.0 
-26 -17 33.0 -25 -17 33.0 -24 -17 33.0 -23 -17 33.0 -22 -17 33.0 -21 -17 33.0 -20 -17 33.0 -19 -17 33.0 -18 -17 95.0 -17 -17 4.0 -16 -17 33.0 -15 -17 33.0 -14 -17 33.0 -13 -17 33.0 -12 -17 33.0 -11 -17 33.0 -10 -17 95.0 -9 -17 95.0 -8 -17 33.0 -7 -17 95.0 -6 -17 55.0 -5 -17 33.0 -4 -17 55.0 -3 -17 95.0 -2 -17 55.0 -1 -17 55.0 0 -17 55.0 1 -17 55.0 2 -17 33.0 3 -17 33.0 4 -17 33.0 5 -17 33.0 6 -17 33.0 7 -17 33.0 8 -17 33.0 9 -17 33.0 10 -17 33.0 11 -17 33.0 12 -17 55.0 13 -17 95.0 14 -17 33.0 15 -17 33.0 16 -17 33.0 17 -17 55.0 18 -17 55.0 19 -17 55.0 20 -17 4.0 21 -17 95.0 22 -17 95.0 23 -17 95.0 24 -17 33.0 25 -17 33.0 26 -17 33.0 
-26 -18 33.0 -25 -18 33.0 -24 -18 33.0 -23 -18 33.0 -22 -18 33.0 -21 -18 33.0 -20 -18 33.0 -19 -18 33.0 -18 -18 33.0 -17 -18 95.0 -16 -18 95.0 -15 -18 95.0 -14 -18 95.0 -13 -18 95.0 -12 -18 95.0 -11 -18 95.0 -10 -18 95.0 -9 -18 55.0 -8 -18 95.0 -7 -18 4.0 -6 -18 95.0 -5 -18 55.0 -4 -18 55.0 -3 -18 95.0 -2 -18 55.0 -1 -18 33.0 0 -18 33.0 1 -18 33.0 2 -18 33.0 3 -18 33.0 4 -18 33.0 5 -18 33.0 6 -18 33.0 7 -18 33.0 8 -18 33.0 9 -18 33.0 10 -18 33.0 11 -18 33.0 12 -18 33.0 13 -18 55.0 14 -18 95.0 15 -18 55.0 16 -18 55.0 17 -18 95.0 18 -18 95.0 19 -18 95.0 20 -18 95.0 21 -18 4.0 22 -18 33.0 23 -18 33.0 24 -18 33.0 25 -18 33.0 26 -18 33.0 
-26 -19 33.0 -25 -19 33.0 -24 -19 33.0 -23 -19 33.0 -22 -19 33.0 -21 -19 33.0 -20 -19 33.0 -19 -19 33.0 -18 -19 33.0 -17 -19 33.0 -16 -19 33.0 -15 -19 33.0 -14 -19 33.0 -13 -19 33.0 -12 -19 33.0 -11 -19 33.0 -10 -19 33.0 -9 -19 33.0 -8 -19 55.0 -7 -19 4.0 -6 -19 95.0 -5 -19 55.0 -4 -19 95.0 -3 -19 55.0 -2 -19 33.0 -1 -19 33.0 0 -19 33.0 1 -19 33.0 2 -19 33.0 3 -19 33.0 4 -19 33.0 5 -19 33.0 6 -19 33.0 7 -19 33.0 8 -19 33.0 9 -19 33.0 10 -19 33.0 11 -19 33.0 12 -19 33.0 13 -19 33.0 14 -19 55.0 15 -19 95.0 16 -19 95.0 17 -19 33.0 18 -19 33.0 19 -19 33.0 20 -19 95.0 21 -19 33.0 22 -19 33.0 23 -19 33.0 24 -19 33.0 25 -19 33.0 26 -19 33.0 
-26 -20 33.0 -25 -20 33.0 -24 -20 33.0 -23 -20 33.0 -22 -20 33.0 -21 -20 33.0 -20 -20 33.0 -19 -20 33.0 -18 -20 33.0 -17 -20 33.0 -16 -20 33.0 -15 -20 33.0 -14 -20 33.0 -13 -20 33.0 -12 -20 33.0 -11 -20 33.0 -10 -20 33.0 -9 -20 33.0 -8 -20 33.0 -7 -20 55.0 -6 -20 4.0 -5 -20 95.0 -4 -20 55.0 -3 -20 33.0 -2 -20 33.0 -1 -20 33.0 0 -20 33.0 1 -20 33.0 2 -20 33.0 3 -20 33.0 4 -20 33.0 5 -20 33.0 6 -20 33.0 7 -20 33.0 8 -20 33.0 9 -20 33.0 10 -20 33.0 11 -20 33.0 12 -20 33.0 13 -20 33.0 14 -20 33.0 15 -20 33.0 16 -20 33.0 17 -20 33.0 18 -20 33.0 19 -20 95.0 20 -20 33.0 21 -20 33.0 22 -20 33.0 23 -20 33.0 24 -20 33.0 25 -20 33.0 26 -20 33.0 
-26 -21 33.0 -25 -21 33.0 -24 -21 33.0 -23 -21 33.0 -22 -21 33.0 -21 -21 33.0 -20 -21 33.0 -19 -21 33.0 -18 -21 33.0 -17 -21 33.0 -16 -21 33.0 -15 -21 33.0 -14 -21 33.0 -13 -21 33.0 -12 -21 33.0 -11 -21 33.0 -10 -21 33.0 -9 -21 33.0 -8 -21 33.0 -7 -21 33.0 -6 -21 55.0 -5 -21 95.0 -4 -21 55.0 -3 -21 33.0 -2 -21 33.0 -1 -21 33.0 0 -21 33.0 1 -21 33.0 2 -21 33.0 3 -21 33.0 4 -21 33.0 5 -21 33.0 6 -21 33.0 7 -21 33.0 8 -21 33.0 9 -21 33.0 10 -21 33.0 11 -21 33.0 12 -21 33.0 13 -21 33.0 14 -21 33.0 15 -21 33.0 16 -21 33.0 17 -21 33.0 18 -21 33.0 19 -21 95.0 20 -21 33.0 21 -21 33.0 22 -21 33.0 23 -21 33.0 24 -21 33.0 25 -21 33.0 26 -21 33.0 
-26 -22 33.0 -25 -22 33.0 -24 -22 33.0 -23 -22 33.0 -22 -22 33.0 -21 -22 33.0 -20 -22 33.0 -19 -22 33.0 -18 -22 33.0 -17 -22 33.0 -16 -22 33.0 -15 -22 33.0 -14 -22 33.0 -13 -22 33.0 -12 -22 33.0 -11 -22 33.0 -10 -22 33.0 -9 -22 33.0 -8 -22 33.0 -7 -22 55.0 -6 -22 95.0 -5 -22 55.0 -4 -22 55.0 -3 -22 33.0 -2 -22 33.0 -1 -22 33.0 0 -22 33.0 1 -22 33.0 2 -22 33.0 3 -22 33.0 4 -22 33.0 5 -22 33.0 6 -22 33.0 7 -22 33.0 8 -22 33.0 9 -22 33.0 10 -22 33.0 11 -22 33.0 12 -22 33.0 13 -22 33.0 14 -22 33.0 15 -22 33.0 16 -22 33.0 17 -22 33.0 18 -22 95.0 19 -22 33.0 20 -22 33.0 21 -22 33.0 22 -22 33.0 23 -22 33.0 24 -22 33.0 25 -22 33.0 26 -22 33.0 
-26 -23 33.0 -25 -23 33.0 -24 -23 33.0 -23 -23 33.0 -22 -23 33.0 -21 -23 33.0 -20 -23 33.0 -19 -23 33.0 -18 -23 33.0 -17 -23 33.0 -16 -23 33.0 -15 -23 33.0 -14 -23 33.0 -13 -23 33.0 -12 -23 33.0 -11 -23 33.0 -10 -23 33.0 -9 -23 33.0 -8 -23 55.0 -7 -23 55.0 -6 -23 95.0 -5 -23 55.0 -4 -23 33.0 -3 -23 33.0 -2 -23 33.0 -1 -23 33.0 0 -23 33.0 1 -23 33.0 2 -23 33.0 3 -23 33.0 4 -23 33.0 5 -23 33.0 6 -23 33.0 7 -23 33.0 8 -23 33.0 9 -23 33.0 10 -23 33.0 11 -23 33.0 12 -23 33.0 13 -23 33.0 14 -23 33.0 15 -23 33.0 16 -23 33.0 17 -23 33.0 18 -23 95.0 19 -23 55.0 20 -23 33.0 21 -23 33.0 22 -23 33.0 23 -23 33.0 24 -23 33.0 25 -23 33.0 26 -23 33.0 
-26 -24 33.0 -25 -24 33.0 -24 -24 33.0 -23 -24 33.0 -22 -24 33.0 -21 -24 33.0 -20 -24 33.0 -19 -24 33.0 -18 -24 33.0 -17 -24 33.0 -16 -24 33.0 -15 -24 33.0 -14 -24 33.0 -13 -24 33.0 -12 -24 33.0 -11 -24 33.0 -10 -24 33.0 -9 -24 33.0 -8 -24 55.0 -7 -24 95.0 -6 -24 55.0 -5 -24 55.0 -4 -24 33.0 -3 -24 33.0 -2 -24 33.0 -1 -24 33.0 0 -24 33.0 1 -24 33.0 2 -24 33.0 3 -24 33.0 4 -24 33.0 5 -24 33.0 6 -24 33.0 7 -24 33.0 8 -24 33.0 9 -24 33.0 10 -24 33.0 11 -24 33.0 12 -24 33.0 13 -24 33.0 14 -24 33.0 15 -24 33.0 16 -24 33.0 17 -24 33.0 18 -24 95.0 19 -24 55.0 20 -24 33.0 21 -24 33.0 22 -24 33.0 23 -24 33.0 24 -24 33.0 25 -24 33.0 26 -24 33.0 
-26 -25 33.0 -25 -25 33.0 -24 -25 33.0 -23 -25 33.0 -22 -25 33.0 -21 -25 33.0 -20 -25 33.0 -19 -25 33.0 -18 -25 33.0 -17 -25 33.0 -16 -25 33.0 -15 -25 33.0 -14 -25 33.0 -13 -25 33.0 -12 -25 33.0 -11 -25 33.0 -10 -25 33.0 -9 -25 33.0 -8 -25 55.0 -7 -25 95.0 -6 -25 55.0 -5 -25 55.0 -4 -25 33.0 -3 -25 33.0 -2 -25 33.0 -1 -25 33.0 0 -25 33.0 1 -25 33.0 2 -25 33.0 3 -25 33.0 4 -25 33.0 5 -25 33.0 6 -25 33.0 7 -25 33.0 8 -25 33.0 9 -25 33.0 10 -25 33.0 11 -25 33.0 12 -25 33.0 13 -25 33.0 14 -25 33.0 15 -25 33.0 16 -25 33.0 17 -25 95.0 18 -25 55.0 19 -25 55.0 20 -25 33.0 21 -25 33.0 22 -25 33.0 23 -25 33.0 24 -25 33.0 25 -25 33.0 26 -25 33.0 
-26 -26 33.0 -25 -26 33.0 -24 -26 33.0 -23 -26 33.0 -22 -26 33.0 -21 -26 33.0 -20 -26 33.0 -19 -26 33.0 -18 -26 33.0 -17 -26 33.0 -16 -26 33.0 -15 -26 33.0 -14 -26 33.0 -13 -26 33.0 -12 -26 33.0 -11 -26 33.0 -10 -26 33.0 -9 -26 33.0 -8 -26 33.0 -7 -26 95.0 -6 -26 33.0 -5 -26 33.0 -4 -26 33.0 -3 -26 33.0 -2 -26 33.0 -1 -26 33.0 0 -26 33.0 1 -26 33.0 2 -26 33.0 3 -26 33.0 4 -26 33.0 5 -26 33.0 6 -26 33.0 7 -26 33.0 8 -26 33.0 9 -26 33.0 10 -26 33.0 11 -26 33.0 12 -26 33.0 13 -26 33.0 14 -26 33.0 15 -26 33.0 16 -26 33.0 17 -26 95.0 18 -26 33.0 19 -26 33.0 20 -26 33.0 21 -26 33.0 22 -26 33.0 23 -26 33.0 24 -26 33.0 25 -26 33.0 26 -26 33.0 
